<?xml version="1.0"?>
<opencv_storage>
<distCoeffs type_id="opencv-matrix">
  <rows>5</rows>
  <cols>1</cols>
  <dt>d</dt>
  <data>
    -1.5505055116068756e-01 -4.7351794375079870e-01
    -5.3063989958744449e-03 1.2335847562438456e-03
    3.5129112437665476e+01</data></distCoeffs>
</opencv_storage>
