<?xml version="1.0"?>
<opencv_storage>
<itoWMatrix type_id="opencv-matrix">
  <rows>4</rows>
  <cols>4</cols>
  <dt>d</dt>
  <data>
    -9.6193778594903434e-01 -7.3825284104096889e-02
    -2.6310743697284406e-01 0. 1.3893831788415013e-02
    -9.7478395458479017e-01 2.2271776606789354e-01 0.
    2.7291511024804943e-01 -2.1058506431128279e-01
    -9.3870723513101140e-01 0. 9.7142552723127238e+01
    -4.5573665768763888e+01 -2.8127052291084391e+02 1.</data></itoWMatrix>
</opencv_storage>
