<?xml version="1.0"?>
<opencv_storage>
<rVec type_id="opencv-matrix">
  <rows>3</rows>
  <cols>1</cols>
  <dt>d</dt>
  <data>
    2.2126463945949959e-01 2.7371811891744663e-01
    -4.4793472811331697e-02</data></rVec>
</opencv_storage>
