<?xml version="1.0"?>
<opencv_storage>
<tVec type_id="opencv-matrix">
  <rows>3</rows>
  <cols>1</cols>
  <dt>d</dt>
  <data>
    -1.6076236885794444e+01 -1.6869782093417914e+01
    3.0013947870851734e+02</data></tVec>
</opencv_storage>
