<?xml version="1.0"?>
<opencv_storage>
<distCoeffs type_id="opencv-matrix">
  <rows>5</rows>
  <cols>1</cols>
  <dt>d</dt>
  <data>
    -2.5901017551407457e+00 4.0020879177764562e+02
    1.3248353651663500e-02 2.1283726105274667e-02 1.6637521821826053e+00</data></distCoeffs>
</opencv_storage>
