<?xml version="1.0"?>
<opencv_storage>
<itoWMatrix type_id="opencv-matrix">
  <rows>4</rows>
  <cols>4</cols>
  <dt>d</dt>
  <data>
    -1.6603780974827926e-04 -9.3941222701057530e-06
    5.3600385167842399e-05 0. 1.1276188535133963e-05
    -1.7650670251366052e-04 3.9952716963733682e-06 0.
    -3.0484870513102841e-01 -4.1013182709547395e-02
    -9.5151730715944860e-01 0. -6.8558700882161105e+01
    4.4012212944180824e+00 -2.4246307381159926e+02 1.</data></itoWMatrix>
</opencv_storage>
