<?xml version="1.0"?>
<opencv_storage>
<rVec type_id="opencv-matrix">
  <rows>3</rows>
  <cols>1</cols>
  <dt>d</dt>
  <data>
    3.2341903009085925e-02 -3.1103469866391886e-01
    -5.9756079990176951e-02</data></rVec>
</opencv_storage>
