<?xml version="1.0"?>
<opencv_storage>
<tVec type_id="opencv-matrix">
  <rows>3</rows>
  <cols>1</cols>
  <dt>d</dt>
  <data>
    -9.4668575670297503e+00 -1.4236664465451573e+01
    2.5142733417511477e+02</data></tVec>
</opencv_storage>
