<?xml version="1.0"?>
<opencv_storage>
<tVec type_id="opencv-matrix">
  <rows>3</rows>
  <cols>1</cols>
  <dt>d</dt>
  <data>
    -1.1527267005744649e+01 -1.4856242729239437e+01
    2.8524890655706082e+02</data></tVec>
</opencv_storage>
