<?xml version="1.0"?>
<opencv_storage>
<distCoeffs type_id="opencv-matrix">
  <rows>5</rows>
  <cols>1</cols>
  <dt>d</dt>
  <data>
    -3.4772151792134123e+00 5.5315381914108059e+02
    9.6615506628145911e-03 1.3617884808133805e-02 2.4664697877179269e+00</data></distCoeffs>
</opencv_storage>
