<?xml version="1.0"?>
<opencv_storage>
<itoWMatrix type_id="opencv-matrix">
  <rows>4</rows>
  <cols>4</cols>
  <dt>d</dt>
  <data>
    -1.6854369896549145e-04 -1.3262877636735751e-05
    -3.7979348326312364e-05 0. 8.0235685677758624e-06
    -1.7292780070899476e-04 2.4781845317365841e-05 0.
    2.2758288497536508e-01 -1.2778071858450252e-01
    -9.6533834401432439e-01 0. 6.8340262705717350e+01
    -1.7963144011451949e+01 -2.4789607300638568e+02 1.</data></itoWMatrix>
</opencv_storage>
