<?xml version="1.0"?>
<opencv_storage>
<rVec type_id="opencv-matrix">
  <rows>3</rows>
  <cols>1</cols>
  <dt>d</dt>
  <data>
    1.3641171013041706e-01 2.2614564260280098e-01
    -6.1968124669265955e-02</data></rVec>
</opencv_storage>
