<?xml version="1.0"?>
<opencv_storage>
<tVec type_id="opencv-matrix">
  <rows>3</rows>
  <cols>1</cols>
  <dt>d</dt>
  <data>
    -1.0763887437657147e+01 -1.4230795944377078e+01
    2.5715200220000008e+02</data></tVec>
</opencv_storage>
