<?xml version="1.0"?>
<opencv_storage>
<cam1DistCoeffs type_id="opencv-matrix">
  <rows>5</rows>
  <cols>1</cols>
  <dt>d</dt>
  <data>
    1.0477783599816936e+01 -5.5368208003762436e+02
    -2.7054246318453795e-02 3.0596083395844209e-01
    -2.5271211610896216e-01</data></cam1DistCoeffs>
</opencv_storage>
