<?xml version="1.0"?>
<opencv_storage>
<cam1Matrix type_id="opencv-matrix">
  <rows>3</rows>
  <cols>3</cols>
  <dt>d</dt>
  <data>
    5.8883462563428302e+03 0. 8.0912383531613011e+02 0.
    5.7839459882125575e+03 4.9711107331918458e+02 0. 0. 1.</data></cam1Matrix>
</opencv_storage>
