<?xml version="1.0"?>
<opencv_storage>
<cam1TVec type_id="opencv-matrix">
  <rows>3</rows>
  <cols>1</cols>
  <dt>d</dt>
  <data>
    -1.9635334309970776e+01 -6.4697374483145751e+00
    4.1836018452157356e+02</data></cam1TVec>
</opencv_storage>
