<?xml version="1.0"?>
<opencv_storage>
<cam2Matrix type_id="opencv-matrix">
  <rows>3</rows>
  <cols>3</cols>
  <dt>d</dt>
  <data>
    5.6996860287368991e+03 0. 7.8520484552320386e+02 0.
    5.5573677857717521e+03 4.9965675958783413e+02 0. 0. 1.</data></cam2Matrix>
</opencv_storage>
