<?xml version="1.0"?>
<opencv_storage>
<cam2TVec type_id="opencv-matrix">
  <rows>3</rows>
  <cols>1</cols>
  <dt>d</dt>
  <data>
    -2.3302378570713422e+01 -6.0208924069489163e+00
    4.1754176085522323e+02</data></cam2TVec>
</opencv_storage>
