<?xml version="1.0"?>
<opencv_storage>
<cam2DistCoeffs type_id="opencv-matrix">
  <rows>5</rows>
  <cols>1</cols>
  <dt>d</dt>
  <data>
    1.1304152597720375e+01 -6.5506439682230609e+02
    -5.2788172537676314e-02 2.2712239051143351e-01
    2.6424173128095374e-01</data></cam2DistCoeffs>
</opencv_storage>
