<?xml version="1.0"?>
<opencv_storage>
<cam2Matrix type_id="opencv-matrix">
  <rows>3</rows>
  <cols>3</cols>
  <dt>d</dt>
  <data>
    3.66183105e+02 0. 6.39500000e+02 0. 2.70178497e+02 4.79500000e+02 0.
    0. 1.</data></cam2Matrix>
</opencv_storage>
