<?xml version="1.0"?>
<opencv_storage>
<cam2RVec type_id="opencv-matrix">
  <rows>3</rows>
  <cols>1</cols>
  <dt>d</dt>
  <data>
    1.6080613869357277e-01 7.0982836398809579e-01 4.6135320087880966e-01</data></cam2RVec>
</opencv_storage>
