<?xml version="1.0"?>
<opencv_storage>
<E type_id="opencv-matrix">
  <rows>3</rows>
  <cols>3</cols>
  <dt>d</dt>
  <data>
    4.7453690243703994e+02 -6.8346038697518708e+01
    1.1802611999262979e+02 -1.2384711170504119e+02
    -7.7670858954795051e+01 4.9812937443191782e+02
    1.6580621908054999e+02 -1.7565453832781394e+01
    6.2655780240096455e+00</data></E>
</opencv_storage>
