<?xml version="1.0"?>
<opencv_storage>
<F type_id="opencv-matrix">
  <rows>3</rows>
  <cols>3</cols>
  <dt>d</dt>
  <data>
    -2.0195825183575973e-07 2.9612431646606019e-08
    -1.4708753510562871e-04 5.4057914618379757e-08
    3.4514423584499300e-08 -1.3411886553632434e-03
    -2.7063300329928077e-04 2.8809606189106215e-06 1.</data></F>
</opencv_storage>
