<?xml version="1.0"?>
<opencv_storage>
<R type_id="opencv-matrix">
  <rows>3</rows>
  <cols>3</cols>
  <dt>d</dt>
  <data>
    -2.1493562365205249e-01 1.6881306843450544e-01
    9.6192766131920249e-01 -9.7044554262663474e-01
    7.3735975014352362e-02 -2.2977914349387546e-01
    -1.0971839627610086e-01 -9.8288613476557374e-01
    1.4797540202408876e-01</data></R>
</opencv_storage>
