<?xml version="1.0"?>
<opencv_storage>
<R type_id="opencv-matrix">
  <rows>3</rows>
  <cols>3</cols>
  <dt>d</dt>
  <data>
    -1.57575279e-01 -9.70297158e-01 -1.83557838e-01 9.69282806e-01
    -1.16425939e-01 -2.16646925e-01 1.88841000e-01 -2.12057650e-01
    9.58838165e-01</data></R>
</opencv_storage>
