<?xml version="1.0"?>
<opencv_storage>
<T type_id="opencv-matrix">
  <rows>3</rows>
  <cols>1</cols>
  <dt>d</dt>
  <data>
    -1.6364081126327576e+02 3.2575908447974733e+01
    4.9267172434541783e+02</data></T>
</opencv_storage>
