<?xml version="1.0"?>
<opencv_storage>
<camMatrix type_id="opencv-matrix">
  <rows>3</rows>
  <cols>3</cols>
  <dt>d</dt>
  <data>
    5.4786734113441698e+03 0. 5.2202937752290552e+02 0.
    5.4755911154316946e+03 2.4168548637686240e+02 0. 0. 1.</data></camMatrix>
</opencv_storage>
