<?xml version="1.0"?>
<opencv_storage>
<camMatrix type_id="opencv-matrix">
  <rows>3</rows>
  <cols>3</cols>
  <dt>d</dt>
  <data>
    5.6270902861404757e+03 0. 4.9540619180866082e+02 0.
    5.5680737645982445e+03 6.9816298636921022e+02 0. 0. 1.</data></camMatrix>
</opencv_storage>
