<?xml version="1.0"?>
<opencv_storage>
<camMatrix type_id="opencv-matrix">
  <rows>3</rows>
  <cols>3</cols>
  <dt>d</dt>
  <data>
    5.5413761137730608e+03 0. 5.9681421846416026e+02 0.
    5.5454671372051698e+03 3.5048890807956252e+02 0. 0. 1.</data></camMatrix>
</opencv_storage>
