<?xml version="1.0"?>
<opencv_storage>
<camMatrix type_id="opencv-matrix">
  <rows>3</rows>
  <cols>3</cols>
  <dt>d</dt>
  <data>
    4.7518857947633123e+03 0. 7.6217646281746033e+02 0.
    4.7392895297894311e+03 4.5560198892203204e+02 0. 0. 1.</data></camMatrix>
</opencv_storage>
