<?xml version="1.0"?>
<opencv_storage>
<camMatrix type_id="opencv-matrix">
  <rows>3</rows>
  <cols>3</cols>
  <dt>d</dt>
  <data>
    5.3434627626633628e+03 0. 5.7363280431955127e+02 0.
    5.3521504671648181e+03 5.5447969720688775e+02 0. 0. 1.</data></camMatrix>
</opencv_storage>
