<?xml version="1.0"?>
<opencv_storage>
<distCoeffs type_id="opencv-matrix">
  <rows>5</rows>
  <cols>1</cols>
  <dt>d</dt>
  <data>
    -1.6592104777132391e-01 4.2838578008960599e+00
    -6.0046459829176130e-03 -5.5124171221494138e-04
    -7.9730554320023884e+01</data></distCoeffs>
</opencv_storage>
