<?xml version="1.0"?>
<opencv_storage>
<distCoeffs type_id="opencv-matrix">
  <rows>5</rows>
  <cols>1</cols>
  <dt>d</dt>
  <data>
    2.5560407599179319e-01 -2.1590256367462398e+01
    -2.4882133002315222e-02 -1.1325185584985090e-02
    3.6146673953722870e+02</data></distCoeffs>
</opencv_storage>
