<?xml version="1.0"?>
<opencv_storage>
<distCoeffs type_id="opencv-matrix">
  <rows>5</rows>
  <cols>1</cols>
  <dt>d</dt>
  <data>
    -8.3922302263258153e-01 2.1919401691008055e+01
    3.2245297121614295e-03 1.8752840172050950e-02
    -3.8315829373244122e+02</data></distCoeffs>
</opencv_storage>
