<?xml version="1.0"?>
<opencv_storage>
<distCoeffs type_id="opencv-matrix">
  <rows>5</rows>
  <cols>1</cols>
  <dt>d</dt>
  <data>
    1.5617171695227317e+00 -7.6467337801501131e+01
    5.1103457792909007e-02 1.2783178235511710e-02 1.0337396112694960e+03</data></distCoeffs>
</opencv_storage>
