<?xml version="1.0"?>
<opencv_storage>
<distCoeffs type_id="opencv-matrix">
  <rows>5</rows>
  <cols>1</cols>
  <dt>d</dt>
  <data>
    -1.4660066550028569e-01 2.3824848662229607e+00
    -5.3852559509712291e-03 5.8859816245797786e-05
    -5.1251710340675245e+01</data></distCoeffs>
</opencv_storage>
