<?xml version="1.0"?>
<opencv_storage>
<distCoeffs type_id="opencv-matrix">
  <rows>5</rows>
  <cols>1</cols>
  <dt>d</dt>
  <data>
    -6.4968286058492508e-01 3.6545827994539046e+01
    -6.1396803624975006e-03 2.8007779280215195e-02
    -6.6951971013658169e+02</data></distCoeffs>
</opencv_storage>
