<?xml version="1.0"?>
<opencv_storage>
<distCoeffs type_id="opencv-matrix">
  <rows>5</rows>
  <cols>1</cols>
  <dt>d</dt>
  <data>
    -1.5709467445208780e+00 1.9006718728001056e+02
    -1.2630791665310434e-02 2.5213872812415789e-02
    -7.9182757660623856e+03</data></distCoeffs>
</opencv_storage>
