<?xml version="1.0"?>
<opencv_storage>
<itoWMatrix type_id="opencv-matrix">
  <rows>4</rows>
  <cols>4</cols>
  <dt>d</dt>
  <data>
    -9.6430296475183819e-01 -1.7121538128688121e-02
    2.6424731806193064e-01 0. 4.1973837633627845e-02
    -9.9517433373580422e-01 8.8691839691169602e-02 0.
    -2.6145360797877909e-01 -9.6617277986942682e-02
    -9.6036821712782272e-01 0. -6.8651403989304484e+01
    -1.3918373059142031e+01 -2.8974007568085392e+02 1.</data></itoWMatrix>
</opencv_storage>
