<?xml version="1.0"?>
<opencv_storage>
<itoWMatrix type_id="opencv-matrix">
  <rows>4</rows>
  <cols>4</cols>
  <dt>d</dt>
  <data>
    -9.6426251517230854e-01 9.0692643215474662e-04
    2.6494712551379040e-01 0. 2.0866890766740760e-02
    -9.9662794823097611e-01 7.9355564862483283e-02 0.
    -2.6412567974981616e-01 -8.2048219294275623e-02
    -9.6099204731742505e-01 0. -6.4666261840996654e+01
    -1.3584678255041936e+01 -2.9031141544663541e+02 1.</data></itoWMatrix>
</opencv_storage>
