<?xml version="1.0"?>
<opencv_storage>
<itoWMatrix type_id="opencv-matrix">
  <rows>4</rows>
  <cols>4</cols>
  <dt>d</dt>
  <data>
    -9.6060017835367351e-01 -2.6281435850673142e-02
    2.7668860380673005e-01 0. 4.6481340108098672e-02
    -9.9668971804168294e-01 6.6701506517813647e-02 0.
    -2.7401967514878550e-01 -7.6934336155046079e-02
    -9.5864191727241743e-01 0. -7.4196048766100645e+01
    -1.3003816327167165e+01 -2.8046722510567525e+02 1.</data></itoWMatrix>
</opencv_storage>
