<?xml version="1.0"?>
<opencv_storage>
<itoWMatrix type_id="opencv-matrix">
  <rows>4</rows>
  <cols>4</cols>
  <dt>d</dt>
  <data>
    -9.8522976712992949e-01 2.2104296933692889e-02
    1.6980490575413928e-01 0. 2.8886649331678504e-02
    -9.5596768995606829e-01 2.9204680660888438e-01 0.
    -1.6878349282881197e-01 -2.9263830203362928e-01
    -9.4120930548490689e-01 0. -2.8559339932052016e+01
    -6.8586991224653332e+01 -2.6667596545540022e+02 1.</data></itoWMatrix>
</opencv_storage>
