<?xml version="1.0"?>
<opencv_storage>
<rVec type_id="opencv-matrix">
  <rows>3</rows>
  <cols>1</cols>
  <dt>d</dt>
  <data>
    8.1769292274638208e-02 -2.6803528228399942e-01
    -1.0111981983526329e-02</data></rVec>
</opencv_storage>
