<?xml version="1.0"?>
<opencv_storage>
<rVec type_id="opencv-matrix">
  <rows>3</rows>
  <cols>1</cols>
  <dt>d</dt>
  <data>
    7.2841418005690745e-02 -2.7927828597738258e-01
    -3.6899869003719048e-02</data></rVec>
</opencv_storage>
