<?xml version="1.0"?>
<opencv_storage>
<rVec type_id="opencv-matrix">
  <rows>3</rows>
  <cols>1</cols>
  <dt>d</dt>
  <data>
    9.3912528291020411e-02 -2.6641917952019417e-01
    -2.9948856363274844e-02</data></rVec>
</opencv_storage>
