<?xml version="1.0"?>
<opencv_storage>
<rVec type_id="opencv-matrix">
  <rows>3</rows>
  <cols>1</cols>
  <dt>d</dt>
  <data>
    2.9821037769460501e-01 -1.7269222823009928e-01
    -3.4592430016852594e-03</data></rVec>
</opencv_storage>
