<?xml version="1.0"?>
<opencv_storage>
<tVec type_id="opencv-matrix">
  <rows>3</rows>
  <cols>1</cols>
  <dt>d</dt>
  <data>
    -5.9875882855666340e+00 -9.1955481922034252e+00
    2.9019925556420230e+02</data></tVec>
</opencv_storage>
