<?xml version="1.0"?>
<opencv_storage>
<tVec type_id="opencv-matrix">
  <rows>3</rows>
  <cols>1</cols>
  <dt>d</dt>
  <data>
    -1.8661442570226559e+01 -1.3139900186283231e+01
    2.7588942603598935e+02</data></tVec>
</opencv_storage>
