<?xml version="1.0"?>
<opencv_storage>
<tVec type_id="opencv-matrix">
  <rows>3</rows>
  <cols>1</cols>
  <dt>d</dt>
  <data>
    -1.4574243040617153e+01 -1.0848340164223938e+01
    2.9718158051582634e+02</data></tVec>
</opencv_storage>
