<?xml version="1.0"?>
<opencv_storage>
<tVec type_id="opencv-matrix">
  <rows>3</rows>
  <cols>1</cols>
  <dt>d</dt>
  <data>
    -1.0123981577442565e+01 -1.4727935592943261e+01
    2.9755107249689559e+02</data></tVec>
</opencv_storage>
