<?xml version="1.0"?>
<opencv_storage>
<itoWMatrix type_id="opencv-matrix">
  <rows>4</rows>
  <cols>4</cols>
  <dt>d</dt>
  <data>
    -9.8593064975505806e-01 1.8970247166612258e-02
    1.6607493367756221e-01 0. 1.6603928904889046e-02
    -9.7751093265538846e-01 2.1023007892334047e-01 0.
    -1.6632817986886778e-01 -2.1002977470261261e-01
    -9.6344300834033736e-01 0. -3.6326517586416870e+01
    -4.5607298996586913e+01 -2.7985868384406137e+02 1.</data></itoWMatrix>
</opencv_storage>
