<?xml version="1.0"?>
<opencv_storage>
<rVec type_id="opencv-matrix">
  <rows>3</rows>
  <cols>1</cols>
  <dt>d</dt>
  <data>
    2.1272858995918423e-01 -1.6825696062253584e-01
    1.1977911829262591e-03</data></rVec>
</opencv_storage>
