<?xml version="1.0"?>
<opencv_storage>
<camMatrix type_id="opencv-matrix">
  <rows>3</rows>
  <cols>3</cols>
  <dt>d</dt>
  <data>
    4.4772421849413522e+03 0. 6.3693296670982215e+02 0.
    4.4735646292983383e+03 5.1876484140242508e+02 0. 0. 1.</data></camMatrix>
</opencv_storage>
