<?xml version="1.0"?>
<opencv_storage>
<distCoeffs type_id="opencv-matrix">
  <rows>5</rows>
  <cols>1</cols>
  <dt>d</dt>
  <data>
    -2.3213282794205368e+00 1.9868761919156830e+02
    -1.3261176707138925e-02 2.0620008108424934e-02
    -5.8811969649994362e+03</data></distCoeffs>
</opencv_storage>
