<?xml version="1.0"?>
<opencv_storage>
<distCoeffs type_id="opencv-matrix">
  <rows>5</rows>
  <cols>1</cols>
  <dt>d</dt>
  <data>
    -2.5590690114919430e+00 1.0942286574571621e+02
    -6.6937934967103721e-02 -2.9388588217165747e-02
    -8.7757800328319399e+02</data></distCoeffs>
</opencv_storage>
