<?xml version="1.0"?>
<opencv_storage>
<camMatrix type_id="opencv-matrix">
  <rows>3</rows>
  <cols>3</cols>
  <dt>d</dt>
  <data>
    4.6721700091972571e+03 0. 6.8154087749502241e+02 0.
    4.5373502488966597e+03 4.9722589672845442e+02 0. 0. 1.</data></camMatrix>
</opencv_storage>
