<?xml version="1.0"?>
<opencv_storage>
<distCoeffs type_id="opencv-matrix">
  <rows>5</rows>
  <cols>1</cols>
  <dt>d</dt>
  <data>
    8.8431577384500071e-01 6.9318469018242780e+01 9.8669625466747610e-02
    -1.4390016921030981e-02 -1.0521279783378781e+04</data></distCoeffs>
</opencv_storage>
