<?xml version="1.0"?>
<opencv_storage>
<camMatrix type_id="opencv-matrix">
  <rows>3</rows>
  <cols>3</cols>
  <dt>d</dt>
  <data>
    5.5183350697402930e+03 0. 8.2936219888723485e+02 0.
    5.5082929112789352e+03 5.1041585590569935e+02 0. 0. 1.</data></camMatrix>
</opencv_storage>
