<?xml version="1.0"?>
<opencv_storage>
<camMatrix type_id="opencv-matrix">
  <rows>3</rows>
  <cols>3</cols>
  <dt>d</dt>
  <data>
    5.1699096917321558e+03 0. 6.0353544266542656e+02 0.
    5.1739433386920937e+03 2.9378276626162466e+02 0. 0. 1.</data></camMatrix>
</opencv_storage>
