<?xml version="1.0"?>
<opencv_storage>
<camMatrix type_id="opencv-matrix">
  <rows>3</rows>
  <cols>3</cols>
  <dt>d</dt>
  <data>
    4.8376490134142714e+03 0. 8.2095503387010604e+02 0.
    4.8836257747264654e+03 7.7981681287105960e+02 0. 0. 1.</data></camMatrix>
</opencv_storage>
