<?xml version="1.0"?>
<opencv_storage>
<camMatrix type_id="opencv-matrix">
  <rows>3</rows>
  <cols>3</cols>
  <dt>d</dt>
  <data>
    5.3707391797275832e+03 0. 9.9806641462716198e+02 0.
    5.4487514415938831e+03 3.5465615653551191e+02 0. 0. 1.</data></camMatrix>
</opencv_storage>
