<?xml version="1.0"?>
<opencv_storage>
<camMatrix type_id="opencv-matrix">
  <rows>3</rows>
  <cols>3</cols>
  <dt>d</dt>
  <data>
    5.3061994793775020e+03 0. 8.2490180894568948e+02 0.
    5.3281565659982207e+03 4.2785475118425921e+02 0. 0. 1.</data></camMatrix>
</opencv_storage>
