<?xml version="1.0"?>
<opencv_storage>
<camMatrix type_id="opencv-matrix">
  <rows>3</rows>
  <cols>3</cols>
  <dt>d</dt>
  <data>
    5.5490234471609911e+03 0. 6.4002532153712582e+02 0.
    5.5515318043356792e+03 4.6013628110889874e+02 0. 0. 1.</data></camMatrix>
</opencv_storage>
