<?xml version="1.0"?>
<opencv_storage>
<distCoeffs type_id="opencv-matrix">
  <rows>5</rows>
  <cols>1</cols>
  <dt>d</dt>
  <data>
    -1.6587777695169594e+00 3.1383238846663872e+01
    7.0753585671820950e-03 -3.0029682064900309e-02
    -3.5594398126854742e+02</data></distCoeffs>
</opencv_storage>
