<?xml version="1.0"?>
<opencv_storage>
<distCoeffs type_id="opencv-matrix">
  <rows>5</rows>
  <cols>1</cols>
  <dt>d</dt>
  <data>
    1.3399248288542669e+00 -1.6773935759561078e+02
    -5.0936784461971592e-02 1.5914333828445551e-02
    5.2989171761747157e+03</data></distCoeffs>
</opencv_storage>
