<?xml version="1.0"?>
<opencv_storage>
<distCoeffs type_id="opencv-matrix">
  <rows>5</rows>
  <cols>1</cols>
  <dt>d</dt>
  <data>
    -1.9781191554244359e-01 5.2505673920831777e+00
    -5.1555393637677371e-03 -4.1305178649024305e-04
    -1.2431070661113074e+02</data></distCoeffs>
</opencv_storage>
