<?xml version="1.0"?>
<opencv_storage>
<distCoeffs type_id="opencv-matrix">
  <rows>5</rows>
  <cols>1</cols>
  <dt>d</dt>
  <data>
    7.8104518925078997e-02 -1.9325889977513803e+01
    7.6415829429258026e-03 3.1703348048615243e-02 2.5875824088127240e+02</data></distCoeffs>
</opencv_storage>
