<?xml version="1.0"?>
<opencv_storage>
<distCoeffs type_id="opencv-matrix">
  <rows>5</rows>
  <cols>1</cols>
  <dt>d</dt>
  <data>
    2.6443805632974238e-01 -4.2543843123261510e+01
    -1.6730701412993584e-02 1.1698575181517278e-02
    1.3691960202543580e+03</data></distCoeffs>
</opencv_storage>
