<?xml version="1.0"?>
<opencv_storage>
<itoWMatrix type_id="opencv-matrix">
  <rows>4</rows>
  <cols>4</cols>
  <dt>d</dt>
  <data>
    -9.5999646339166811e-01 -9.6346050524152863e-02
    -2.6291486991778712e-01 0. 2.2080349573462804e-02
    -9.6206413440360727e-01 2.7192840869786233e-01 0.
    2.7914019495264963e-01 -2.5524505840982575e-01
    -9.2570552105902526e-01 0. 1.0265034534913292e+02
    -6.2933194489348111e+01 -2.7106569778442883e+02 1.</data></itoWMatrix>
</opencv_storage>
