<?xml version="1.0"?>
<opencv_storage>
<itoWMatrix type_id="opencv-matrix">
  <rows>4</rows>
  <cols>4</cols>
  <dt>d</dt>
  <data>
    -9.3885367564981970e-01 -7.3836074294455507e-03
    -3.4423721190503365e-01 0. -3.4206915815439685e-02
    -9.9282383798268437e-01 1.1458932604622422e-01 0.
    3.4261299249914423e-01 -1.1935790327691038e-01
    -9.3186373912505094e-01 0. 1.2893559284594878e+02
    -1.7097438928081488e+01 -2.8199564647976609e+02 1.</data></itoWMatrix>
</opencv_storage>
