<?xml version="1.0"?>
<opencv_storage>
<itoWMatrix type_id="opencv-matrix">
  <rows>4</rows>
  <cols>4</cols>
  <dt>d</dt>
  <data>
    -9.4996412204798997e-01 -6.8142621810939746e-04
    -3.1235829183791614e-01 0. -3.0060009797622498e-02
    -9.9515679242800192e-01 9.3591422124987708e-02 0.
    3.1090925144253639e-01 -9.8297986463203160e-02
    -9.4534276494016789e-01 0. 1.1926924372653555e+02
    -1.3981246599851280e+01 -2.7991227502218692e+02 1.</data></itoWMatrix>
</opencv_storage>
