<?xml version="1.0"?>
<opencv_storage>
<itoWMatrix type_id="opencv-matrix">
  <rows>4</rows>
  <cols>4</cols>
  <dt>d</dt>
  <data>
    -9.4086288265078588e-01 -7.7994261535663679e-03
    -3.3869780778996572e-01 0. -3.1998830631071083e-02
    -9.9321984070003422e-01 1.1176056047659516e-01 0.
    3.3727305093691895e-01 -1.1598929688326298e-01
    -9.3423410991048106e-01 0. 1.2315653866313957e+02
    -1.4869109587332680e+01 -2.7965799498594060e+02 1.</data></itoWMatrix>
</opencv_storage>
