<?xml version="1.0"?>
<opencv_storage>
<rVec type_id="opencv-matrix">
  <rows>3</rows>
  <cols>1</cols>
  <dt>d</dt>
  <data>
    1.1970875514062586e-01 3.5145525414084389e-01 1.3725252762901347e-02</data></rVec>
</opencv_storage>
