<?xml version="1.0"?>
<opencv_storage>
<rVec type_id="opencv-matrix">
  <rows>3</rows>
  <cols>1</cols>
  <dt>d</dt>
  <data>
    9.7735571241955754e-02 3.1745060776029838e-01 1.4963476460471827e-02</data></rVec>
</opencv_storage>
