<?xml version="1.0"?>
<opencv_storage>
<rVec type_id="opencv-matrix">
  <rows>3</rows>
  <cols>1</cols>
  <dt>d</dt>
  <data>
    2.7048503614716768e-01 2.7812056744746061e-01
    -6.0762862909105930e-02</data></rVec>
</opencv_storage>
