<?xml version="1.0"?>
<opencv_storage>
<rVec type_id="opencv-matrix">
  <rows>3</rows>
  <cols>1</cols>
  <dt>d</dt>
  <data>
    1.1644189869101297e-01 3.4560430097475064e-01 1.2372453872057189e-02</data></rVec>
</opencv_storage>
