<?xml version="1.0"?>
<opencv_storage>
<tVec type_id="opencv-matrix">
  <rows>3</rows>
  <cols>1</cols>
  <dt>d</dt>
  <data>
    -2.3852019374861502e+01 -1.9749435111928467e+01
    3.0899724131208347e+02</data></tVec>
</opencv_storage>
