<?xml version="1.0"?>
<opencv_storage>
<tVec type_id="opencv-matrix">
  <rows>3</rows>
  <cols>1</cols>
  <dt>d</dt>
  <data>
    -2.5859055125615804e+01 -1.5869090004088921e+01
    3.0306928368631236e+02</data></tVec>
</opencv_storage>
