<?xml version="1.0"?>
<opencv_storage>
<tVec type_id="opencv-matrix">
  <rows>3</rows>
  <cols>1</cols>
  <dt>d</dt>
  <data>
    -2.1213401093016593e+01 -1.0898139060301295e+01
    2.9564423732482726e+02</data></tVec>
</opencv_storage>
