<?xml version="1.0"?>
<opencv_storage>
<tVec type_id="opencv-matrix">
  <rows>3</rows>
  <cols>1</cols>
  <dt>d</dt>
  <data>
    -2.1037895629023474e+01 -2.0427304827498400e+01
    3.0452807712910260e+02</data></tVec>
</opencv_storage>
